 
Mass percent  	      Group : Nico          	  Sample : JEN1209         	 Page 	  1 	 
 
   No. 	   Na2O  	   Al2O3 	   FeO   	   CaO   	   SiO2  	   MgO   	   K2O   	  Total  	Comment  
  353  	   6.158 	   8.902 	   7.618 	  13.100 	  54.811 	   8.171 	   0.003 	  98.763 	Line 1 JEN1203_Line2_neu2 
  354  	   6.104 	   8.881 	   7.727 	  12.932 	  54.928 	   8.275 	   0.000 	  98.847 	Line 2 JEN1203_Line2_neu2 
  355  	   6.234 	   9.139 	   7.628 	  12.825 	  54.987 	   8.151 	   0.010 	  98.974 	Line 3 JEN1203_Line2_neu2 
  356  	   6.101 	   9.039 	   7.778 	  12.910 	  54.989 	   8.180 	   0.000 	  98.997 	Line 4 JEN1203_Line2_neu2 
  357  	   6.187 	   8.901 	   7.722 	  12.959 	  54.769 	   8.220 	   0.000 	  98.758 	Line 5 JEN1203_Line2_neu2 
  358  	   6.353 	   9.045 	   7.529 	  12.825 	  55.042 	   8.252 	   0.004 	  99.050 	Line 6 JEN1203_Line2_neu2 
  359  	   6.300 	   9.108 	   7.754 	  12.917 	  55.064 	   8.323 	   0.000 	  99.466 	Line 7 JEN1203_Line2_neu2 
  360  	   6.144 	   9.176 	   7.771 	  12.920 	  54.594 	   8.319 	   0.004 	  98.928 	Line 8 JEN1203_Line2_neu2 
  361  	   5.919 	   8.913 	   9.928 	  11.623 	  50.609 	   6.858 	   0.009 	  93.859 	Line 9 JEN1203_Line2_neu2 
  362  	   6.052 	   8.656 	   7.650 	  13.221 	  55.015 	   8.261 	   0.000 	  98.855 	Line 10 JEN1203_Line2_neu2 
  363  	   6.337 	   9.007 	   7.728 	  12.988 	  54.982 	   8.216 	   0.009 	  99.267 	Line 11 JEN1203_Line2_neu2 
  364  	   6.160 	   9.038 	   7.440 	  12.949 	  54.681 	   8.139 	   0.001 	  98.408 	Line 12 JEN1203_Line2_neu2 
  365  	   6.022 	   8.802 	   7.381 	  13.258 	  54.880 	   8.457 	   0.000 	  98.800 	Line 13 JEN1203_Line2_neu2 
  366  	   6.009 	   9.173 	   6.810 	  13.291 	  55.292 	   8.593 	   0.011 	  99.179 	Line 14 JEN1203_Line2_neu2 
  367  	   6.204 	   9.718 	   6.197 	  12.993 	  55.655 	   8.450 	   0.002 	  99.219 	Line 15 JEN1203_Line2_neu2 
  368  	   6.134 	   9.600 	   6.345 	  13.112 	  55.261 	   8.536 	   0.001 	  98.989 	Line 16 JEN1203_Line2_neu2 
  369  	   6.065 	   9.423 	   6.271 	  13.432 	  55.184 	   8.847 	   0.011 	  99.233 	Line 17 JEN1203_Line2_neu2 
  370  	   5.629 	   8.742 	   6.289 	  13.989 	  54.728 	   9.205 	   0.000 	  98.582 	Line 18 JEN1203_Line2_neu2 
  371  	   5.526 	   8.622 	   6.404 	  14.122 	  54.741 	   9.164 	   0.000 	  98.579 	Line 19 JEN1203_Line2_neu2 
  372  	   5.606 	   8.581 	   6.825 	  13.968 	  54.989 	   8.903 	   0.006 	  98.878 	Line 20 JEN1203_Line2_neu2 
  373  	   5.562 	   8.494 	   7.399 	  13.764 	  54.994 	   8.671 	   0.008 	  98.892 	Line 21 JEN1203_Line2_neu2 
  374  	   5.772 	   8.330 	   7.618 	  13.747 	  54.790 	   8.605 	   0.001 	  98.863 	Line 22 JEN1203_Line2_neu2 
  375  	   5.947 	   8.616 	   7.693 	  13.400 	  54.974 	   8.355 	   0.010 	  98.995 	Line 23 JEN1203_Line2_neu2 
  376  	   5.946 	   8.733 	   7.628 	  13.236 	  54.937 	   8.340 	   0.006 	  98.826 	Line 24 JEN1203_Line2_neu2 
  377  	   6.250 	   9.043 	   7.480 	  12.932 	  55.106 	   8.038 	   0.002 	  98.851 	Line 25 JEN1203_Line2_neu2 
  378  	   6.227 	   8.978 	   7.556 	  12.865 	  54.981 	   8.134 	   0.009 	  98.750 	Line 26 JEN1203_Line2_neu2 
  379  	   6.037 	   8.804 	   7.537 	  13.007 	  54.360 	   8.131 	   0.003 	  97.879 	Line 27 JEN1203_Line2_neu2 
  380  	   6.115 	   8.684 	   7.608 	  13.128 	  54.737 	   8.260 	   0.013 	  98.545 	Line 28 JEN1203_Line2_neu2 
  381  	   6.409 	   9.331 	   7.444 	  12.708 	  55.044 	   7.962 	   0.007 	  98.905 	Line 29 JEN1203_Line2_neu2 
  382  	   6.235 	   9.385 	   7.381 	  12.773 	  55.218 	   8.003 	   0.010 	  99.005 	Line 30 JEN1203_Line2_neu2 
  383  	   6.002 	   8.721 	   7.664 	  13.138 	  54.801 	   8.259 	   0.002 	  98.587 	Line 31 JEN1203_Line2_neu2 
  384  	   6.123 	   8.778 	   7.545 	  13.122 	  55.045 	   8.296 	   0.005 	  98.914 	Line 32 JEN1203_Line2_neu2 
  385  	   5.998 	   8.466 	   7.829 	  13.356 	  55.038 	   8.396 	   0.007 	  99.090 	Line 33 JEN1203_Line2_neu2 
  386  	   6.221 	   9.255 	   7.326 	  12.749 	  55.344 	   8.109 	   0.002 	  99.006 	Line 34 JEN1203_Line2_neu2 
  387  	   6.146 	   9.130 	   7.305 	  12.850 	  55.118 	   8.185 	   0.000 	  98.734 	Line 35 JEN1203_Line2_neu2 
  388  	   6.007 	   8.508 	   7.802 	  13.244 	  54.710 	   8.411 	   0.000 	  98.682 	Line 36 JEN1203_Line2_neu2 
  389  	   6.063 	   8.491 	   7.835 	  13.189 	  54.577 	   8.352 	   0.006 	  98.513 	Line 37 JEN1203_Line2_neu2 
  390  	   6.273 	   9.084 	   7.643 	  12.886 	  54.726 	   8.007 	   0.000 	  98.619 	Line 38 JEN1203_Line2_neu2 
  391  	   6.540 	   9.422 	   7.366 	  12.625 	  55.000 	   7.885 	   0.000 	  98.838 	Line 39 JEN1203_Line2_neu2 
  392  	   6.268 	   9.225 	   7.298 	  12.804 	  54.731 	   8.179 	   0.001 	  98.506 	Line 40 JEN1203_Line2_neu2 
  393  	   6.122 	   8.847 	   7.536 	  13.074 	  55.053 	   8.199 	   0.002 	  98.833 	Line 41 JEN1203_Line2_neu2 
  394  	   6.182 	   9.304 	   7.452 	  12.759 	  55.173 	   8.155 	   0.002 	  99.027 	Line 42 JEN1203_Line2_neu2 
  395  	   6.659 	   9.393 	   8.367 	  12.092 	  54.850 	   7.206 	   0.007 	  98.574 	Line 43 JEN1203_Line2_neu2 
  396  	   6.123 	   8.856 	   7.573 	  12.956 	  54.665 	   8.108 	   0.006 	  98.287 	Line 44 JEN1203_Line2_neu2 
  397  	   5.942 	   8.497 	   7.755 	  13.419 	  54.762 	   8.514 	   0.008 	  98.897 	Line 45 JEN1203_Line2_neu2 
  398  	   5.792 	   8.501 	   7.421 	  13.551 	  54.826 	   8.617 	   0.006 	  98.714 	Line 46 JEN1203_Line2_neu2 
  399  	   5.887 	   8.966 	   6.943 	  13.392 	  54.944 	   8.447 	   0.000 	  98.579 	Line 47 JEN1203_Line2_neu2 
  400  	   6.018 	   9.397 	   6.731 	  13.119 	  55.280 	   8.305 	   0.000 	  98.850 	Line 48 JEN1203_Line2_neu2 
  401  	   6.224 	   9.379 	   7.355 	  12.933 	  55.186 	   8.076 	   0.009 	  99.162 	Line 49 JEN1203_Line2_neu2 
  402  	   6.441 	   9.188 	   7.657 	  12.679 	  55.031 	   7.904 	   0.010 	  98.910 	Line 50 JEN1203_Line2_neu2 
  403  	   6.608 	   9.548 	   7.666 	  12.466 	  54.883 	   7.730 	   0.000 	  98.901 	Line 51 JEN1203_Line2_neu2 
  404  	   6.477 	   9.512 	   7.669 	  12.522 	  54.846 	   7.698 	   0.000 	  98.724 	Line 52 JEN1203_Line2_neu2 
  405  	   6.518 	   9.743 	   7.489 	  12.220 	  55.021 	   7.635 	   0.000 	  98.626 	Line 53 JEN1203_Line2_neu2 
  406  	   6.338 	   9.479 	   7.814 	  12.535 	  55.014 	   7.788 	   0.001 	  98.969 	Line 54 JEN1203_Line2_neu2 
  407  	   6.221 	   9.445 	   7.588 	  12.494 	  54.885 	   7.875 	   0.000 	  98.508 	Line 55 JEN1203_Line2_neu2 
  408  	   6.354 	   9.451 	   6.918 	  12.930 	  55.209 	   8.316 	   0.000 	  99.178 	Line 56 JEN1203_Line2_neu2 
  409  	   6.286 	   9.357 	   6.980 	  12.932 	  55.333 	   8.176 	   0.001 	  99.065 	Line 57 JEN1203_Line2_neu2 
  410  	   6.119 	   9.209 	   7.700 	  12.678 	  55.384 	   7.842 	   0.000 	  98.932 	Line 58 JEN1203_Line2_neu2 
  475  	   5.772 	   8.576 	   7.196 	  13.796 	  54.974 	   8.762 	   0.005 	  99.081 	Line 123 JEN1203_Line2_neu2 
  476  	   5.500 	   8.300 	   7.173 	  13.983 	  55.056 	   8.911 	   0.004 	  98.927 	Line 124 JEN1203_Line2_neu2 
  477  	   5.457 	   8.165 	   6.869 	  14.190 	  54.839 	   9.217 	   0.001 	  98.738 	Line 125 JEN1203_Line2_neu2 
  478  	   5.579 	   8.560 	   7.077 	  13.815 	  54.605 	   8.977 	   0.000 	  98.613 	Line 126 JEN1203_Line2_neu2 
  479  	   5.845 	   8.591 	   7.194 	  13.643 	  54.495 	   8.650 	   0.000 	  98.418 	Line 127 JEN1203_Line2_neu2 
  480  	   5.614 	   8.596 	   7.070 	  13.825 	  54.867 	   8.886 	   0.000 	  98.858 	Line 128 JEN1203_Line2_neu2 
  481  	   5.527 	   8.485 	   6.791 	  14.124 	  54.876 	   9.147 	   0.017 	  98.967 	Line 129 JEN1203_Line2_neu2 
  482  	   6.235 	  10.041 	   6.116 	  12.934 	  55.383 	   8.532 	   0.000 	  99.241 	Line 130 JEN1203_Line2_neu2 
  483  	   6.511 	  10.199 	   6.111 	  12.601 	  55.294 	   8.407 	   0.000 	  99.123 	Line 131 JEN1203_Line2_neu2 
  484  	   6.344 	  10.243 	   6.766 	  12.331 	  54.507 	   8.305 	   0.000 	  98.496 	Line 132 JEN1203_Line2_neu2 
  485  	   5.958 	   9.644 	  16.607 	   9.734 	  46.977 	   5.673 	   0.017 	  94.610 	Line 133 JEN1203_Line2_neu2 
  486  	   6.221 	   9.835 	   6.628 	  12.857 	  55.164 	   8.142 	   0.003 	  98.850 	Line 134 JEN1203_Line2_neu2 
  487  	   5.864 	   9.211 	   6.287 	  13.396 	  55.229 	   8.691 	   0.014 	  98.692 	Line 135 JEN1203_Line2_neu2 
  488  	   6.061 	   9.629 	   6.650 	  13.019 	  55.128 	   8.350 	   0.000 	  98.837 	Line 136 JEN1203_Line2_neu2 
  489  	   5.983 	   8.950 	   7.664 	  12.983 	  54.957 	   8.062 	   0.001 	  98.600 	Line 137 JEN1203_Line2_neu2 
  490  	   6.323 	   8.892 	   8.343 	  12.841 	  54.759 	   7.928 	   0.003 	  99.089 	Line 138 JEN1203_Line2_neu2 
  12  	   6.398 	   8.406 	   9.109 	  12.562 	  54.766 	   7.620 	   0.000 	  98.861 	Line 60 JEN1203_Line2_neu2 
  413  	   6.372 	   8.569 	   9.168 	  12.424 	  54.760 	   7.557 	   0.000 	  98.850 	Line 61 JEN1203_Line2_neu2 
  414  	   6.543 	   8.711 	   9.097 	  12.209 	  54.744 	   7.406 	   0.000 	  98.710 	Line 62 JEN1203_Line2_neu2 
  415  	   6.292 	   8.018 	   9.413 	  12.756 	  54.530 	   7.633 	   0.004 	  98.646 	Line 63 JEN1203_Line2_neu2 
  416  	   6.727 	   9.112 	   8.974 	  11.874 	  54.652 	   7.225 	   0.002 	  98.566 	Line 64 JEN1203_Line2_neu2 
  417  	   7.049 	   9.611 	   8.809 	  11.518 	  54.928 	   6.993 	   0.001 	  98.909 	Line 65 JEN1203_Line2_neu2 
  418  	   7.145 	   9.951 	   8.888 	  11.219 	  54.965 	   6.761 	   0.000 	  98.929 	Line 66 JEN1203_Line2_neu2 
  419  	   7.022 	   9.374 	   9.060 	  11.565 	  54.820 	   6.984 	   0.001 	  98.826 	Line 67 JEN1203_Line2_neu2 
  420  	   6.642 	   8.740 	   9.153 	  12.094 	  54.431 	   7.179 	   0.007 	  98.246 	Line 68 JEN1203_Line2_neu2 
  421  	   6.681 	   8.746 	   9.416 	  12.306 	  54.726 	   7.189 	   0.005 	  99.069 	Line 69 JEN1203_Line2_neu2 
  422  	   6.508 	   8.614 	   9.484 	  12.234 	  54.722 	   7.174 	   0.004 	  98.740 	Line 70 JEN1203_Line2_neu2 
  423  	   6.371 	   8.399 	   9.656 	  12.464 	  54.702 	   7.285 	   0.008 	  98.885 	Line 71 JEN1203_Line2_neu2 
  424  	   6.407 	   8.769 	   9.331 	  12.167 	  54.868 	   7.193 	   0.000 	  98.735 	Line 72 JEN1203_Line2_neu2 
  425  	   6.585 	   8.905 	   9.227 	  12.095 	  54.897 	   7.211 	   0.008 	  98.928 	Line 73 JEN1203_Line2_neu2 
  426  	   6.393 	   8.501 	   9.491 	  12.505 	  54.644 	   7.474 	   0.000 	  99.008 	Line 74 JEN1203_Line2_neu2 
  427  	   6.350 	   8.261 	   9.530 	  12.615 	  54.511 	   7.391 	   0.000 	  98.658 	Line 75 JEN1203_Line2_neu2 
  428  	   6.203 	   8.386 	   9.704 	  12.660 	  54.398 	   7.430 	   0.007 	  98.788 	Line 76 JEN1203_Line2_neu2 
  429  	   6.060 	   8.089 	   9.781 	  13.007 	  54.313 	   7.592 	   0.010 	  98.852 	Line 77 JEN1203_Line2_neu2 
  430  	   6.132 	   8.668 	   9.277 	  12.673 	  54.451 	   7.266 	   0.009 	  98.476 	Line 78 JEN1203_Line2_neu2 
  431  	   6.277 	   8.340 	   9.713 	  12.818 	  54.650 	   7.372 	   0.011 	  99.181 	Line 79 JEN1203_Line2_neu2 
  432  	   6.091 	   8.226 	   9.693 	  12.681 	  54.542 	   7.362 	   0.002 	  98.597 	Line 80 JEN1203_Line2_neu2 
  433  	   6.215 	   8.257 	   9.841 	  12.719 	  54.309 	   7.323 	   0.007 	  98.671 	Line 81 JEN1203_Line2_neu2 
  434  	   6.257 	   8.426 	   9.595 	  12.680 	  54.322 	   7.324 	   0.000 	  98.604 	Line 82 JEN1203_Line2_neu2 
  435  	   6.854 	   9.543 	   8.950 	  11.773 	  54.743 	   6.840 	   0.003 	  98.706 	Line 83 JEN1203_Line2_neu2 
  436  	   6.258 	   8.591 	   9.471 	  12.609 	  54.639 	   7.276 	   0.009 	  98.853 	Line 84 JEN1203_Line2_neu2 
  437  	   6.086 	   8.253 	   9.701 	  12.899 	  54.328 	   7.438 	   0.000 	  98.705 	Line 85 JEN1203_Line2_neu2 
  438  	   5.979 	   7.974 	   9.829 	  13.027 	  54.157 	   7.608 	   0.000 	  98.574 	Line 86 JEN1203_Line2_neu2 
  439  	   6.084 	   8.072 	   9.640 	  13.051 	  54.455 	   7.533 	   0.002 	  98.837 	Line 87 JEN1203_Line2_neu2 
  440  	   6.021 	   8.134 	   9.677 	  12.866 	  54.630 	   7.378 	   0.003 	  98.709 	Line 88 JEN1203_Line2_neu2 
  441  	   6.011 	   8.296 	   9.814 	  12.860 	  54.656 	   7.430 	   0.000 	  99.067 	Line 89 JEN1203_Line2_neu2 
  442  	   6.118 	   8.148 	   9.724 	  12.937 	  54.492 	   7.482 	   0.008 	  98.909 	Line 90 JEN1203_Line2_neu2 
  443  	   6.084 	   8.004 	   9.796 	  12.973 	  54.595 	   7.436 	   0.008 	  98.896 	Line 91 JEN1203_Line2_neu2 
  444  	   5.909 	   7.971 	   9.679 	  13.030 	  54.699 	   7.511 	   0.005 	  98.804 	Line 92 JEN1203_Line2_neu2 
  445  	   6.216 	   8.036 	   9.703 	  13.023 	  54.560 	   7.452 	   0.006 	  98.996 	Line 93 JEN1203_Line2_neu2 
  446  	   6.026 	   8.117 	   9.688 	  12.929 	  54.615 	   7.585 	   0.000 	  98.960 	Line 94 JEN1203_Line2_neu2 
  447  	   6.325 	   8.318 	   9.527 	  12.851 	  54.386 	   7.399 	   0.000 	  98.806 	Line 95 JEN1203_Line2_neu2 
  448  	   6.133 	   8.310 	   9.602 	  12.710 	  54.677 	   7.451 	   0.015 	  98.898 	Line 96 JEN1203_Line2_neu2 
  449  	   6.171 	   8.202 	   9.446 	  12.856 	  54.394 	   7.467 	   0.004 	  98.540 	Line 97 JEN1203_Line2_neu2 
  450  	   5.886 	   8.193 	   9.609 	  12.943 	  54.493 	   7.369 	   0.002 	  98.495 	Line 98 JEN1203_Line2_neu2 
  451  	   6.166 	   8.218 	   9.583 	  12.886 	  54.435 	   7.466 	   0.001 	  98.755 	Line 99 JEN1203_Line2_neu2 
  452  	   6.298 	   8.416 	   9.657 	  12.745 	  54.604 	   7.269 	   0.000 	  98.989 	Line 100 JEN1203_Line2_neu2 
  453  	   6.368 	   8.415 	   9.514 	  12.745 	  54.682 	   7.347 	   0.000 	  99.071 	Line 101 JEN1203_Line2_neu2 
  454  	   6.310 	   8.498 	   9.615 	  12.730 	  54.519 	   7.348 	   0.000 	  99.020 	Line 102 JEN1203_Line2_neu2 
  455  	   6.243 	   8.408 	   9.686 	  12.735 	  54.670 	   7.186 	   0.002 	  98.930 	Line 103 JEN1203_Line2_neu2 
  456  	   6.070 	   8.316 	   9.599 	  12.715 	  54.739 	   7.364 	   0.000 	  98.803 	Line 104 JEN1203_Line2_neu2 
  457  	   6.231 	   8.397 	   9.779 	  12.623 	  54.359 	   7.341 	   0.003 	  98.733 	Line 105 JEN1203_Line2_neu2 
  458  	   6.149 	   8.138 	   9.690 	  12.751 	  54.226 	   7.384 	   0.009 	  98.347 	Line 106 JEN1203_Line2_neu2 
  459  	   6.116 	   8.360 	   9.697 	  12.613 	  54.366 	   7.364 	   0.000 	  98.516 	Line 107 JEN1203_Line2_neu2 
  460  	   6.233 	   8.389 	   9.614 	  12.555 	  54.170 	   7.264 	   0.001 	  98.226 	Line 108 JEN1203_Line2_neu2 
  461  	   6.181 	   8.487 	   9.493 	  12.622 	  54.389 	   7.264 	   0.003 	  98.439 	Line 109 JEN1203_Line2_neu2 
  462  	   6.425 	   8.470 	   9.517 	  12.602 	  54.720 	   7.345 	   0.000 	  99.079 	Line 110 JEN1203_Line2_neu2 
  463  	   6.431 	   8.541 	   9.522 	  12.668 	  54.494 	   7.316 	   0.000 	  98.972 	Line 111 JEN1203_Line2_neu2 
  464  	   6.156 	   8.362 	   9.593 	  12.690 	  54.664 	   7.311 	   0.004 	  98.780 	Line 112 JEN1203_Line2_neu2 
  465  	   6.484 	   8.578 	   9.626 	  12.525 	  55.089 	   7.238 	   0.005 	  99.545 	Line 113 JEN1203_Line2_neu2 
  466  	   6.113 	   8.312 	   9.576 	  12.673 	  54.607 	   7.362 	   0.000 	  98.643 	Line 114 JEN1203_Line2_neu2 
  467  	   6.437 	   8.408 	   9.568 	  12.722 	  54.672 	   7.388 	   0.000 	  99.195 	Line 115 JEN1203_Line2_neu2 
  468  	   6.287 	   8.484 	   9.549 	  12.610 	  54.461 	   7.378 	   0.000 	  98.769 	Line 116 JEN1203_Line2_neu2 
  469  	   6.317 	   8.657 	   9.253 	  12.494 	  54.575 	   7.350 	   0.000 	  98.646 	Line 117 JEN1203_Line2_neu2 
  470  	   6.425 	   8.824 	   9.433 	  12.337 	  54.884 	   7.226 	   0.000 	  99.129 	Line 118 JEN1203_Line2_neu2 
  471  	   6.599 	   9.165 	   8.819 	  12.100 	  55.096 	   7.282 	   0.003 	  99.064 	Line 119 JEN1203_Line2_neu2 
  472  	   6.813 	   9.081 	   8.774 	  12.133 	  54.935 	   7.262 	   0.003 	  99.001 	Line 120 JEN1203_Line2_neu2 
  473  	   6.530 	   8.957 	   8.970 	  12.154 	  54.978 	   7.304 	   0.000 	  98.893 	Line 121 JEN1203_Line2_neu2 
  474  	   6.544 	   8.793 	   9.281 	  12.190 	  54.755 	   7.326 	   0.000 	  98.889 	Line 122 JEN1203_Line2_neu2
  491  	   6.302 	   8.105 	   9.764 	  12.647 	  54.611 	   7.460 	   0.012 	  98.901 	Line 139 JEN1203_Line2_neu2 
  492  	   6.186 	   8.187 	   9.506 	  12.485 	  54.038 	   7.162 	   0.006 	  97.570 	Line 140 JEN1203_Line2_neu2 
  493  	   6.251 	   8.206 	   9.711 	  12.519 	  54.616 	   7.312 	   0.007 	  98.622 	Line 141 JEN1203_Line2_neu2 
  494  	   6.143 	   8.179 	   9.766 	  12.412 	  54.384 	   7.254 	   0.012 	  98.150 	Line 142 JEN1203_Line2_neu2 
  495  	   6.466 	   8.515 	   9.779 	  12.450 	  54.628 	   7.319 	   0.001 	  99.158 	Line 143 JEN1203_Line2_neu2 
  496  	   6.391 	   8.566 	   9.684 	  12.280 	  54.974 	   7.203 	   0.000 	  99.098 	Line 144 JEN1203_Line2_neu2 
  497  	   6.317 	   8.753 	   9.331 	  12.342 	  54.668 	   7.333 	   0.000 	  98.744 	Line 145 JEN1203_Line2_neu2 
  498  	   6.385 	   8.691 	   9.229 	  12.317 	  54.795 	   7.328 	   0.000 	  98.745 	Line 146 JEN1203_Line2_neu2 
  499  	   6.754 	   8.969 	   9.194 	  12.165 	  54.733 	   7.279 	   0.000 	  99.094 	Line 147 JEN1203_Line2_neu2 
  500  	   6.538 	   8.818 	   9.223 	  12.220 	  54.828 	   7.313 	   0.009 	  98.949 	Line 148 JEN1203_Line2_neu2 
  501  	   6.753 	   9.506 	   8.921 	  11.759 	  54.851 	   7.046 	   0.003 	  98.839 	Line 149 JEN1203_Line2_neu2 
  502  	   6.877 	   9.464 	   8.881 	  11.735 	  55.029 	   7.026 	   0.002 	  99.014 	Line 150 JEN1203_Line2_neu2 
 
Minimum	   0.002 	   5.434 	   3.246 	   0.056 	  26.093 	   3.541 	   0.000 	  71.295  
Maximum	   7.517 	  27.931 	  29.921 	  14.190 	  56.946 	  13.466 	   9.488 	 100.618  
Average	   6.241 	   8.760 	  10.312 	  11.784 	  53.798 	   7.610 	   0.078 	  98.584  
Sigma  	   1.126 	   2.400 	   3.627 	   2.569 	   4.288 	   0.993 	   0.732 	   2.330  
"No. of data"   502 
