 
Mass percent  	      Group : Nico          	  Sample : JEN1203         	 Page 	  1 	 
 
   No. 	   Na2O  	   MgO   	   FeO   	   CaO   	   SiO2  	   Al2O3 	  Total  	Comment  
   51  	   6.510 	   7.154 	  17.665 	   0.471 	  55.985 	   9.082 	  96.867 	Line 1 JEN1203_new2 
   52  	   6.589 	   7.328 	  17.434 	   0.529 	  55.746 	   9.088 	  96.714 	Line 2 JEN1203_new2 
   53  	   6.382 	   7.511 	  17.445 	   0.798 	  56.014 	   9.178 	  97.328 	Line 3 JEN1203_new2 
   54  	   6.206 	   7.916 	  16.989 	   1.163 	  55.686 	   8.948 	  96.908 	Line 4 JEN1203_new2 
   55  	   6.588 	   7.880 	  16.993 	   0.767 	  56.253 	   8.840 	  97.321 	Line 5 JEN1203_new2 
   56  	   6.500 	   7.728 	  16.746 	   0.603 	  56.442 	   9.230 	  97.249 	Line 6 JEN1203_new2 
   57  	   6.483 	   7.825 	  16.491 	   0.464 	  56.451 	   9.546 	  97.260 	Line 7 JEN1203_new2 
   58  	   6.478 	   7.807 	  17.204 	   0.908 	  55.763 	   9.117 	  97.277 	Line 8 JEN1203_new2 
   59  	   6.443 	   7.735 	  17.278 	   0.852 	  55.460 	   9.133 	  96.901 	Line 9 JEN1203_new2 
   60  	   6.476 	   7.772 	  17.023 	   0.613 	  56.063 	   9.077 	  97.024 	Line 10 JEN1203_new2 
   61  	   6.395 	   7.627 	  16.990 	   0.517 	  56.220 	   8.979 	  96.728 	Line 11 JEN1203_new2 
   62  	   6.638 	   7.712 	  17.339 	   0.585 	  56.367 	   8.852 	  97.493 	Line 12 JEN1203_new2 
   63  	   6.699 	   7.746 	  17.784 	   0.643 	  56.206 	   8.780 	  97.858 	Line 13 JEN1203_new2 
   64  	   6.505 	   7.855 	  17.492 	   0.996 	  55.708 	   9.028 	  97.584 	Line 14 JEN1203_new2 
   65  	   6.571 	   7.714 	  17.317 	   0.548 	  56.263 	   8.949 	  97.362 	Line 15 JEN1203_new2 
   66  	   6.508 	   7.630 	  17.278 	   0.571 	  56.399 	   9.027 	  97.413 	Line 16 JEN1203_new2 
   67  	   6.273 	   7.685 	  17.314 	   0.667 	  56.240 	   9.031 	  97.210 	Line 17 JEN1203_new2 
   68  	   6.536 	   7.747 	  17.441 	   0.994 	  55.787 	   8.966 	  97.471 	Line 18 JEN1203_new2 
   69  	   6.447 	   7.764 	  17.158 	   0.723 	  56.267 	   9.010 	  97.369 	Line 19 JEN1203_new2 
   70  	   6.664 	   7.664 	  16.941 	   0.503 	  56.427 	   9.377 	  97.576 	Line 20 JEN1203_new2 
   71  	   6.622 	   7.670 	  16.836 	   0.589 	  56.541 	   9.377 	  97.635 	Line 21 JEN1203_new2 
   72  	   6.723 	   7.691 	  16.715 	   0.479 	  56.313 	   9.188 	  97.109 	Line 22 JEN1203_new2 
   73  	   6.712 	   7.718 	  16.275 	   0.477 	  56.510 	   9.570 	  97.262 	Line 23 JEN1203_new2 
   74  	   6.582 	   7.939 	  15.930 	   0.517 	  56.946 	   9.791 	  97.705 	Line 24 JEN1203_new2 
   75  	   6.619 	   8.006 	  16.099 	   0.584 	  56.930 	   9.592 	  97.830 	Line 25 JEN1203_new2 
   76  	   6.614 	   7.873 	  15.976 	   0.605 	  56.845 	   9.653 	  97.566 	Line 26 JEN1203_new2 
   77  	   6.710 	   7.990 	  15.810 	   0.569 	  56.671 	   9.707 	  97.457 	Line 27 JEN1203_new2 
   78  	   6.570 	   8.031 	  15.532 	   0.547 	  56.893 	   9.733 	  97.306 	Line 28 JEN1203_new2 
   79  	   6.703 	   7.757 	  16.016 	   0.372 	  56.727 	   9.837 	  97.412 	Line 29 JEN1203_new2 
   80  	   6.520 	   7.666 	  16.263 	   0.405 	  56.952 	   9.573 	  97.379 	Line 30 JEN1203_new2 
   81  	   6.794 	   7.753 	  16.417 	   0.352 	  57.092 	   9.511 	  97.919 	Line 31 JEN1203_new2 
   82  	   6.798 	   7.831 	  16.509 	   0.385 	  56.908 	   9.420 	  97.851 	Line 32 JEN1203_new2 
   83  	   6.751 	   7.760 	  16.140 	   0.419 	  56.905 	   9.790 	  97.765 	Line 33 JEN1203_new2 
   84  	   6.483 	   7.919 	  15.891 	   0.663 	  56.797 	   9.793 	  97.546 	Line 34 JEN1203_new2 
   85  	   6.584 	   7.918 	  16.147 	   0.603 	  56.689 	   9.751 	  97.692 	Line 35 JEN1203_new2 
   86  	   6.571 	   7.875 	  15.585 	   0.595 	  56.748 	   9.975 	  97.349 	Line 36 JEN1203_new2 
   87  	   6.567 	   7.931 	  15.912 	   0.645 	  56.810 	   9.764 	  97.629 	Line 37 JEN1203_new2 
   88  	   6.571 	   7.978 	  15.379 	   0.675 	  57.196 	  10.042 	  97.841 	Line 38 JEN1203_new2 
   89  	   6.530 	   8.104 	  14.768 	   0.710 	  57.018 	  10.425 	  97.555 	Line 39 JEN1203_new2 
   90  	   6.637 	   8.183 	  14.746 	   0.877 	  57.158 	  10.530 	  98.131 	Line 40 JEN1203_new2 
   91  	   6.370 	   8.364 	  14.221 	   0.802 	  57.126 	  10.458 	  97.341 	Line 41 JEN1203_new2 
   92  	   6.422 	   8.318 	  14.814 	   0.941 	  56.972 	  10.045 	  97.512 	Line 42 JEN1203_new2 
   93  	   6.280 	   8.278 	  15.250 	   1.058 	  57.033 	   9.689 	  97.588 	Line 43 JEN1203_new2 
   94  	   6.624 	   7.629 	  15.618 	   0.616 	  56.850 	  10.389 	  97.726 	Line 44 JEN1203_new2 
   95  	   6.693 	   7.525 	  15.551 	   0.585 	  56.772 	  10.334 	  97.460 	Line 45 JEN1203_new2 
   96  	   6.461 	   7.511 	  15.792 	   0.671 	  56.887 	  10.178 	  97.500 	Line 46 JEN1203_new2 
   97  	   6.510 	   7.794 	  16.075 	   0.819 	  56.782 	   9.529 	  97.509 	Line 47 JEN1203_new2 
   98  	   6.427 	   8.191 	  16.448 	   1.190 	  56.616 	   8.772 	  97.644 	Line 48 JEN1203_new2 
   99  	   6.315 	   8.060 	  16.458 	   1.039 	  56.931 	   8.851 	  97.654 	Line 49 JEN1203_new2 
  100  	   6.363 	   8.098 	  16.653 	   1.103 	  56.484 	   8.860 	  97.561 	Line 50 JEN1203_new2 
  101  	   6.281 	   7.884 	  16.649 	   0.954 	  56.424 	   9.120 	  97.312 	Line 51 JEN1203_new2 
  102  	   6.604 	   7.798 	  15.803 	   0.632 	  56.787 	   9.789 	  97.413 	Line 52 JEN1203_new2 
  103  	   6.599 	   7.877 	  15.465 	   0.606 	  56.865 	   9.964 	  97.376 	Line 53 JEN1203_new2 
  104  	   6.443 	   7.981 	  15.545 	   0.679 	  57.075 	  10.130 	  97.853 	Line 54 JEN1203_new2 
  105  	   5.620 	   6.992 	  14.303 	   0.815 	  51.118 	   8.665 	  87.513 	Line 55 JEN1203_new2 
  106  	   6.259 	   8.119 	  15.557 	   0.983 	  56.730 	   9.675 	  97.323 	Line 56 JEN1203_new2 
  107  	   6.459 	   8.272 	  15.958 	   0.903 	  56.943 	   9.664 	  98.199 	Line 57 JEN1203_new2 
  108  	   6.418 	   7.887 	  15.759 	   0.709 	  56.930 	   9.755 	  97.458 	Line 58 JEN1203_new2 
  109  	   6.402 	   7.963 	  16.149 	   0.808 	  56.808 	   9.481 	  97.611 	Line 59 JEN1203_new2 
  110  	   6.187 	   8.159 	  16.039 	   1.029 	  56.939 	   9.393 	  97.746 	Line 60 JEN1203_new2 
  111  	   6.375 	   8.020 	  16.524 	   0.777 	  56.978 	   9.210 	  97.884 	Line 61 JEN1203_new2 
  112  	   6.662 	   8.016 	  16.245 	   0.610 	  57.054 	   9.429 	  98.016 	Line 62 JEN1203_new2 
  113  	   6.522 	   7.743 	  16.331 	   0.656 	  56.966 	   9.439 	  97.657 	Line 63 JEN1203_new2 
  114  	   6.470 	   7.828 	  16.230 	   0.633 	  56.482 	   9.617 	  97.260 	Line 64 JEN1203_new2 
  115  	   6.423 	   8.100 	  16.653 	   0.999 	  55.955 	   8.977 	  97.107 	Line 65 JEN1203_new2 
  116  	   6.216 	   8.077 	  16.308 	   0.902 	  56.218 	   9.000 	  96.721 	Line 66 JEN1203_new2 
  117  	   6.490 	   7.931 	  16.266 	   0.812 	  56.481 	   9.295 	  97.275 	Line 67 JEN1203_new2 
  118  	   6.316 	   7.970 	  16.272 	   0.876 	  56.579 	   9.040 	  97.053 	Line 68 JEN1203_new2 
  119  	   6.395 	   8.035 	  16.423 	   0.967 	  56.590 	   9.167 	  97.577 	Line 69 JEN1203_new2 
  120  	   6.285 	   7.959 	  16.418 	   0.956 	  56.359 	   9.516 	  97.493 	Line 70 JEN1203_new2 
  121  	   6.445 	   7.909 	  16.080 	   0.780 	  56.635 	   9.602 	  97.451 	Line 71 JEN1203_new2 
  122  	   6.662 	   7.959 	  15.980 	   0.861 	  56.458 	   9.667 	  97.587 	Line 72 JEN1203_new2 
  123  	   6.267 	   8.115 	  16.460 	   1.247 	  55.692 	   9.267 	  97.048 	Line 73 JEN1203_new2 
  124  	   6.387 	   8.223 	  16.557 	   1.137 	  56.225 	   8.875 	  97.404 	Line 74 JEN1203_new2 
  125  	   6.501 	   8.071 	  16.667 	   0.836 	  56.812 	   8.594 	  97.481 	Line 75 JEN1203_new2 
  126  	   6.402 	   7.916 	  16.732 	   0.750 	  56.474 	   8.766 	  97.040 	Line 76 JEN1203_new2 
  127  	   6.517 	   7.902 	  16.340 	   0.751 	  56.845 	   9.046 	  97.401 	Line 77 JEN1203_new2 
  128  	   6.597 	   8.030 	  16.049 	   0.869 	  56.920 	   9.248 	  97.713 	Line 78 JEN1203_new2 
  129  	   6.493 	   8.060 	  15.633 	   0.902 	  56.932 	   9.617 	  97.637 	Line 79 JEN1203_new2 
  130  	   6.395 	   8.148 	  16.060 	   0.941 	  56.568 	   9.524 	  97.636 	Line 80 JEN1203_new2 
  131  	   6.369 	   8.072 	  16.035 	   0.823 	  56.540 	   9.352 	  97.191 	Line 81 JEN1203_new2 
  132  	   6.426 	   8.158 	  16.650 	   0.993 	  56.571 	   8.962 	  97.760 	Line 82 JEN1203_new2 
  133  	   6.265 	   8.158 	  16.089 	   1.028 	  56.866 	   8.902 	  97.308 	Line 83 JEN1203_new2 
  134  	   6.223 	   8.121 	  16.099 	   1.106 	  56.774 	   9.157 	  97.480 	Line 84 JEN1203_new2 
  135  	   6.377 	   7.908 	  16.229 	   0.925 	  56.648 	   9.290 	  97.377 	Line 85 JEN1203_new2 
  136  	   6.606 	   7.864 	  16.332 	   0.813 	  56.689 	   9.491 	  97.795 	Line 86 JEN1203_new2 
  137  	   6.523 	   7.678 	  16.683 	   0.533 	  56.697 	   9.380 	  97.494 	Line 87 JEN1203_new2 
  138  	   6.449 	   7.632 	  17.427 	   0.846 	  56.304 	   9.088 	  97.746 	Line 88 JEN1203_new2 
  139  	   6.355 	   7.689 	  17.543 	   0.974 	  56.049 	   8.868 	  97.478 	Line 89 JEN1203_new2 
  140  	   6.691 	   7.715 	  17.566 	   0.700 	  56.339 	   8.628 	  97.639 	Line 90 JEN1203_new2 
  141  	   6.673 	   7.778 	  17.624 	   0.702 	  56.501 	   8.551 	  97.829 	Line 91 JEN1203_new2 
  142  	   6.585 	   7.613 	  17.511 	   0.529 	  56.585 	   8.651 	  97.474 	Line 92 JEN1203_new2 
  143  	   6.640 	   7.634 	  17.636 	   0.631 	  56.641 	   8.709 	  97.891 	Line 93 JEN1203_new2 
  144  	   6.540 	   7.522 	  17.152 	   0.655 	  56.548 	   9.293 	  97.710 	Line 94 JEN1203_new2 
  145  	   6.440 	   7.522 	  17.015 	   0.602 	  56.513 	   9.459 	  97.551 	Line 95 JEN1203_new2 
  146  	   6.469 	   7.623 	  17.547 	   0.987 	  56.313 	   8.905 	  97.844 	Line 96 JEN1203_new2 
  147  	   6.335 	   7.749 	  17.637 	   0.906 	  56.166 	   8.549 	  97.342 	Line 97 JEN1203_new2 
  148  	   6.287 	   7.778 	  17.597 	   0.862 	  56.213 	   8.642 	  97.379 	Line 98 JEN1203_new2 
  149  	   6.560 	   7.757 	  17.133 	   0.841 	  56.136 	   8.865 	  97.292 	Line 99 JEN1203_new2 
  150  	   6.340 	   7.642 	  17.046 	   0.824 	  56.327 	   9.002 	  97.181 	Line 100 JEN1203_new2 
 
Minimum	   0.028 	   5.441 	   9.132 	   0.054 	  27.343 	   8.549 	  87.513  
Maximum	   6.868 	  15.126 	  27.904 	   3.231 	  57.956 	  20.663 	  99.343  
Average	   6.347 	   8.188 	  15.721 	   0.864 	  56.030 	  10.382 	  97.533  
Sigma  	   0.901 	   1.248 	   2.351 	   0.498 	   3.878 	   1.789 	   1.404  
"No. of data"   220 
